config_file=LJ_multitask.json,
data_size=10000,
num_layers=5,
num_channels_per_layer=139,
epochs=200,
batch_size=64
lr=0.001
alpha_values=[['constant', 1.0], ['constant', 0.0]]
loss=0




({'total_energy': 5.602377196311954, 'atomic_forces': 370.00317028808576}, 369.9123000650501)
