data_size=10000,
num_layers=6,
num_channels_per_layer=24,
epochs=200,
alpha_values=[['constant', 1.0], ['constant', 0.5]]




{'total_energy': 0.025725143850736674, 'atomic_forces': 374.6851681603329}
