config_file=LJ.json,
data_size=10000,
num_layers=5,
num_channels_per_layer=139,
epochs=200,
batch_size=8
lr=0.001
alpha_values=[['constant', 1000000000000000.0], ['constant', 0.0]]




({'total_energy': 0.03330186462402346}, 369.9032306724114)
