config_file=LJ_multitask.json,
data_size=10000,
num_layers=5,
num_channels_per_layer=139,
epochs=200,
batch_size=64
lr=0.001
alpha_values=[['constant', 0.0], ['constant', 0.0]]




({'total_energy': 0.0093868818283081, 'atomic_forces': 7.371559200763711}, 0.44511896392460676)
