data_size=10000,
num_layers=6,
num_channels_per_layer=24,
epochs=200,
alpha_values=[['constant', 1.0], ['constant', 0.0]]




{'total_energy': 0.008141700825136567, 'atomic_forces': 120.7872075277662}
