data_size=10000,
num_layers=6,
num_channels_per_layer=24,
epochs=100,
alpha_values=[['constant', 0.0], ['constant', 1.0]]




{'total_energy': 0.02659283480089567, 'atomic_forces': 374.78931545075926}
