config_file=LJ_multitask.json,
data_size=10000,
num_layers=5,
num_channels_per_layer=139,
epochs=100,
batch_size=64
lr=0.007943282347242814
alpha_values=[['constant', 0.0], ['constant', 0.0]]




{'total_energy': 0.00979566097259521, 'atomic_forces': 20.95979815101624}
