config_file=LJ_multitask.json,
data_size=10000,
num_layers=5,
num_channels_per_layer=139,
epochs=200,
batch_size=64
lr=0.001
alpha_values=[['constant', 1.0], ['constant', 0.0]]




({'total_energy': 0.007401685714721683, 'atomic_forces': 6.9713976545333844}, 0.46793007909134304)
