data_size=10000,
num_layers=5,
num_channels_per_layer=139,
epochs=200,
alpha_values=[['constant', 0.0], ['constant', 0.0]]




{'total_energy': 0.0027484117038548013, 'atomic_forces': 17.202045421600342}
