data_size=10000,
num_layers=5,
num_channels_per_layer=139,
epochs=200,
alpha_values=[['constant', 1.0], ['constant', 0.0]]




{'total_energy': 0.0025575835108757015, 'atomic_forces': 15.442077344417552}
