config_file=LJ.json,
data_size=10000,
num_layers=2,
num_channels_per_layer=80,
epochs=200,
batch_size=64
lr=0.001
alpha_values=[['constant', 0.0], ['constant', 0.0]]




({'total_energy': 0.033574448585510244}, 389.30582496808427)
