data_size=10000,
num_layers=4,
num_channels_per_layer=20,
epochs=100,
alpha_values=[['constant', 1.0], ['constant', 1.0]]




{'total_energy': 0.012795423116534949, 'atomic_forces': 374.0834963989255}
