config_file=LJ_multitask.json,
data_size=10000,
num_layers=5,
num_channels_per_layer=139,
epochs=200,
batch_size=64
lr=0.001
alpha_values=[['constant', 1.0], ['constant', 0.0]]




({'total_energy': 0.013269513130187982, 'atomic_forces': 10.944494792938242}, 0.5164154882927401)
