config_file=LJ_multitask.json,
data_size=10000,
num_layers=5,
num_channels_per_layer=139,
epochs=200,
batch_size=64
lr=0.001
alpha_values=[['constant', 100.0], ['constant', 0.0]]




({'total_energy': 0.011272735595703121, 'atomic_forces': 20.609589385032674}, 0.5448613182233537)
