data_size=10000,
num_layers=5,
num_channels_per_layer=139,
epochs=200,
alpha_values=[['constant', 0.0], ['constant', 0.0]]




{'total_energy': 0.002829756796360016, 'atomic_forces': 15.934478728294382}
